## Intro
 -5 100 100
 -5 100 300
 -5 100 300
 -9 100 100
 -5 100 300
 -2 100 700
-14 100 700

## Part 1
 -9 300 300
-14 300 300
-17 300 300
-12 300 100
-10 100 300
-11 200   0
-12 100 300
-14 100 150
 -5 100 150
 -2 100 150
  0 100 300
 -4 100 100
 -2 100 300
 -5 100 300
 -9 100 100
 -7 100 100
-10 100 500

## Part 1
 -9 300 300
-14 300 300
-17 300 300
-12 300 100
-10 100 300
-11 200   0
-12 100 300
-14 100 150
 -5 100 150
 -2 100 150
  0 100 300
 -4 100 100
 -2 100 300
 -5 100 300
 -9 100 100
 -7 100 100
-10 100 500

## Part 2
 -2 100  100
 -3 100  100
 -4 100  100
 -6 100  300
 -5 100  300
-13 100  100
-12 100  100
 -9 100  300
-12 100  100
 -9 100  100
 -7 100  500
 -2 100  100
 -3 100  100
 -4 100  100
 -6 100  300
 -5 100  300
  3 100  300
  3 100  100
  3 100 1100
 -2 100  100
 -3 100  100
 -4 100  100
 -6 100  300
 -5 100  300
-13 100  100
-12 100  100
 -9 100  300
-12 100  100
 -9 100  100
 -7 100  500
 -6 300  300
 -7 300  300
 -9 300 1300

## Part 3
 -9 100 100
 -9 100 300
 -9 100 300
 -9 100 100
 -7 100 300
 -5 200  50
 -9 200  50
-12 200  50
-14 100 700
 -9 100 100
 -9 100 300
 -9 100 300
 -9 100 100
 -7 100 100
 -5 100 700
  0 100 300
 -2 100 500
 -9 100 100
 -9 100 300
 -9 100 300
 -9 100 100
 -7 100 300
 -5 200  50
 -9 200  50
-12 200  50
-14 100 700

## Intro
 -5 100 100
 -5 100 300
 -5 100 300
 -9 100 100
 -5 100 300
 -2 100 700
-14 100 700

## Level completed
-14 100 125
 -9 100 125
 -5 100 125
 -2 100 125
  3 100 125
  7 100 125
 10 100 575
  7 100 575
-13 100 125
 -9 100 125
 -6 100 125
 -1 100 125
  3 100 125
  6 100 125
 11 100 575
  6 100 575
-11 100 125
 -7 100 125
 -4 100 125
  1 100 125
  5 100 125
  8 100 125
 13 100 575
 13 100 125
 13 100 125
 13 100 125
 15 675   0
