## Intro
 1  400 100
-4  800 100
 1  400 100
 1  200 100
 3  200 100
 5  200 100
 6  200 100
 8  800 100
 8  400 100
 8  400 100
 9  200 100
 11 200 100
 13 800 100
 13 400 100
 13 400 100
 11 400 100
 9  400 100
 11 800 100
 9  200 100
 8  800 100
 8  800 100
 6  400 100
 6  200 100
 8  200 100
 9  800 100
 8  400 100
 6  400 100
 4  400 100
 4  200 100
 6  200 100
 8  800 100
 6  400 100
 4  400 100
 3  400 100
 3  200 100
 5  200 100
 7  800 100
 10 800 100
 8  400 100
-4  200 100
-4  200 100
-4  400 100
-4  400 100
-4  400 100
-4  400 100
-2  400 100
 0  400 100

## Song of Time
12  500 0
 5 1000 0
 8  500 0
12  500 0
 5 1000 0
 8  500 0
12  500 0
15  250 0
14  500 0
10  250 0
 8  500 0
10  250 0
12  500 0
 5 1000 0
 3  250 0
 7  250 0
 5 1000 0
 